graph: 20 - 100 

range: 0 - 10
std_devs: [0.4251164031875382, 0.42680804790345, 0.37863718434507887, 0.2913228641702531]
metric_values: [0.5885858252331021, 0.6131999281421058, 0.5673235836162028, 0.5230659085287385]
epsilon_values: [0.0001, 8e-05, 5e-05, 2e-05]
accuracy: [0.707852937123437, 0.6918873991829798, 0.6197119535693706, 0.5463025437361805]
accuracy_dev: [0.37853772606258085, 0.3814385918895724, 0.34582943790874965, 0.2898519869074578]
cluster_ratio: [2.245670553581661, 209.64237687902065, 279.49735273528086, 8.772361177641239]
cluster_ratio_dev: [9.570074904753959, 515.8870813970992, 582.8483474909887, 27.74280217773901]
single_node_cluster: [50, 22, 3, 3]
cluster_len_mean: [5.956, 7.032, 838.256, 3632.9]
cluster_len_dev: [9.395853553562869, 11.03118198562602, 1419.9053596856377, 2679.2576468118923]
range: 10 - 100
std_devs: [0.26941409632831864, 0.25405245958969175, 0.23560546130074697, 0.19083110848729035]
metric_values: [0.6853247316541163, 0.68008252414285, 0.6732974315184276, 0.6328973527264226]
epsilon_values: [0.0001, 8e-05, 5e-05, 2e-05]
accuracy: [0.7641884306087731, 0.7522492580997041, 0.7320881138144396, 0.6875803462915749]
accuracy_dev: [0.1953559357035817, 0.18818138035371437, 0.1747602194795076, 0.14706069454330095]
cluster_ratio: [1.2484025555028346, 1.2808074734027015, 1.4333842610538912, 1.8125848135841243]
cluster_ratio_dev: [0.4712665886112278, 0.47585845692993584, 0.5563926685236907, 1.8450567591912153]
single_node_cluster: [7, 4, 1, 0]
cluster_len_mean: [14.356, 16.4, 22.256, 46.168]
cluster_len_dev: [13.706540920305168, 15.533190271158078, 21.27248137853222, 43.4641435668529]
range: 100 - 1000
std_devs: [0.2787439227481822, 0.26147501497513065, 0.20401405273480377, 0.14434557614855975]
metric_values: [0.6524192263343073, 0.6717287957114312, 0.6522894851684806, 0.6252428772902108]
epsilon_values: [0.0001, 8e-05, 5e-05, 2e-05]
accuracy: [0.7688782371699627, 0.7635128667520669, 0.7269164344695185, 0.7019834605182834]
accuracy_dev: [0.1994491443274731, 0.18771991377757094, 0.15562908894140626, 0.10544069461746948]
cluster_ratio: [1.6929353354006471, 1.675152476142737, 1.6174133021507846, 1.679265653684919]
cluster_ratio_dev: [0.9557667066982359, 0.9448231722312205, 0.7300781168446691, 0.4801701069303949]
single_node_cluster: [29, 15, 2, 0]
cluster_len_mean: [7.944, 9.86, 15.204, 36.556]
cluster_len_dev: [8.133195190083661, 9.755839277068889, 13.78645654256379, 26.01428192358959]
range: 1000 - inf
std_devs: [0.28488952588695415, 0.2713395954500774, 0.15082111092015416, 0.054627137240234956]
metric_values: [0.6247983553207896, 0.6601947564793328, 0.6868687758806085, 0.6902384761110996]
epsilon_values: [0.0001, 8e-05, 5e-05, 2e-05]
accuracy: [0.7921428888394174, 0.7586067193855257, 0.7107579873943901, 0.7052486003224476]
accuracy_dev: [0.19725663069057323, 0.18112094623306035, 0.13281118037641185, 0.050345827155073464]
cluster_ratio: [5.225864338784272, 32.99387921229498, 2.832700124647409, 2.133794466434465]
cluster_ratio_dev: [12.775633866162005, 279.1091737951085, 1.6384869909146886, 0.5718869966878375]
single_node_cluster: [24, 8, 0, 0]
cluster_len_mean: [5.553191489361702, 8.829787234042554, 62.11702127659574, 209.43617021276594]
cluster_len_dev: [5.835724574014555, 9.046732450992293, 336.75083460014343, 720.0404178742792]

graph 100 - 1000

range: 0 - 10
std_devs: [0.4403620206478283, 0.43949510465849523, 0.3193946569205031, 0.30968846795920985]
metric_values: [0.6363891324512785, 0.6292670940872376, 0.4969553610783478, 0.5355370315564917]
epsilon_values: [0.0001, 8e-05, 5e-05, 2e-05]
accuracy: [0.7015256765150139, 0.6929327993637266, 0.5487617364915336, 0.5453007342355941]
accuracy_dev: [0.3867362771029671, 0.38952298864850843, 0.3187608163465223, 0.31445137798767414]
cluster_ratio: [232.9448244188477, 483.5503416662109, 15.468240684082353, 0.8955620694760148]
cluster_ratio_dev: [452.49309694559145, 552.7874978180037, 71.88572556626026, 1.2178492835020813]
single_node_cluster: [11, 11, 11, 11]
cluster_len_mean: [4.84, 6.716, 1802.48, 4727.452]
cluster_len_dev: [9.626754385565263, 27.15767560009508, 1281.8464781712355, 1607.8141234906477]
range: 10 - inf
std_devs: [0.1999417773741039, 0.18830996673309616, 0.1674534567246744, 0.10384685664867031]
metric_values: [0.629578666925756, 0.6134057350291096, 0.6127733069230681, 0.933482070133717]
epsilon_values: [0.0001, 8e-05, 5e-05, 2e-05]
accuracy: [0.740327538707113, 0.7322762339969859, 0.7356792892610184, 0.9155063680613801]
accuracy_dev: [0.13382356506889506, 0.12464708995660247, 0.11130142047780069, 0.07908123050881902]
cluster_ratio: [6.379458802440355, 7.223911301968226, 4.693725148069137, 2.6788320928599005]
cluster_ratio_dev: [103.1433746749642, 115.56991417760375, 5.6139874392625595, 2.817244426477974]
single_node_cluster: [1, 1, 0, 0]
cluster_len_mean: [26.556, 33.162, 58.562, 581.288]
cluster_len_dev: [24.744026834773678, 32.11398069377261, 140.99217764117267, 403.16671124486453]

graph: 2 - 100 


range: 0 - 10
std_devs: [0.3982988720213581, 0.30125660709391794, 0.27389309813997026, 0.2588589009379478]
metric_values: [0.5934256629092155, 0.5381095125185181, 0.5208688165571981, 0.48693694591692654]
epsilon_values: [5e-05, 1e-05, 5e-06, 1e-06]
accuracy: [0.7515194890604981, 0.6236354460792835, 0.5865397418927492, 0.5123769644932283]
accuracy_dev: [0.3191800789309852, 0.2801471781483308, 0.27043329023743556, 0.26365325368963033]
cluster_ratio: [1.948322757822575, 3.0556003100790994, 3.55202496404729, 1.4333814663829672]
cluster_ratio_dev: [4.207867932166666, 7.498541963145474, 6.034920373651822, 0.7813780128133849]
single_node_cluster: [50, 4, 7, 0]
cluster_len_mean: [4.548, 20.588, 57.02, 526.96]
cluster_len_dev: [6.78407665051037, 41.45438765679696, 130.59946247975142, 701.019496447852]
range: 10 - 100
std_devs: [0.3677219205563276, 0.1895039306024322, 0.15375768097485, 0.13206949923217104]
metric_values: [0.5255672594705167, 0.6170980586056336, 0.5717222280138868, 0.5309957698227362]
epsilon_values: [5e-05, 1e-05, 5e-06, 1e-06]
accuracy: [0.7740861246994675, 0.7313561076255207, 0.7011991191824166, 0.6277467802591948]
accuracy_dev: [0.27392193128701586, 0.14728962695739803, 0.11212698748662293, 0.13729661337592702]
cluster_ratio: [2.3372259247686786, 1.953030983869322, 1.3130647663675803, 2.031397507835265]
cluster_ratio_dev: [3.7345340118045494, 5.726855310145458, 0.6380106995583082, 1.1228573366252412]
single_node_cluster: [83, 6, 0, 0]
cluster_len_mean: [4.624, 17.248, 29.764, 146.728]
cluster_len_dev: [4.910664313511972, 10.573669939997181, 16.298843639964154, 92.97009205115373]
range: 100 - 1000
std_devs: [0.42890592870939404, 0.2765968115560748, 0.15010782370516218, 0.07229674333192793]
metric_values: [0.5093632778617608, 0.5903889516983232, 0.6409058865868335, 0.5365760117414577]
epsilon_values: [5e-05, 1e-05, 5e-06, 1e-06]
accuracy: [0.8427095238095238, 0.7294127710862967, 0.7449396187055599, 0.6952606404506427]
accuracy_dev: [0.2549555899078489, 0.24631131036640064, 0.13675184770662602, 0.04882222078903319]
cluster_ratio: [2.059988888888889, 4.323628983696091, 4.459108482565037, 1.353529815849469]
cluster_ratio_dev: [3.8071985764027882, 7.517805023212466, 9.684903427496964, 0.2259126285746935]
single_node_cluster: [128, 48, 26, 0]
cluster_len_mean: [2.304, 11.256, 24.652, 128.828]
cluster_len_dev: [1.988865002960231, 11.689245655729884, 18.307673145432762, 38.05362553029606]
range: 1000 - inf
std_devs: [0.4452406107687084, 0.31872637612496385, 0.21493136138400176, 0.07816533785842805]
metric_values: [0.6072463768115942, 0.5968324294724511, 0.6481447320183829, 0.6300901699485733]
epsilon_values: [5e-05, 1e-05, 5e-06, 1e-06]
accuracy: [0.9359428571428571, 0.7334143407847743, 0.7253607257190907, 0.6966312165676538]
accuracy_dev: [0.16900011830651143, 0.2605425817085766, 0.20647598909005, 0.046270307235813775]
cluster_ratio: [1.5678095238095238, 3.0436474611834674, 4.008757555109935, 1.7300142238265208]
cluster_ratio_dev: [1.0159454877094602, 4.092459997270746, 8.187302223417927, 0.23809140898478165]
single_node_cluster: [181, 46, 31, 0]
cluster_len_mean: [1.46, 6.324, 14.552, 112.612]
cluster_len_dev: [0.9551963149007642, 5.0043005505265175, 9.671778326657408, 38.95779069711218]

graph: 2 - 100 
range: 0 - 10
std_devs: [0.40722247970129727, 0.28179526611392663, 0.25586544131519723, 0.2260549382913376]
metric_values: [0.5888879354660272, 0.5634912826619931, 0.5324599062247948, 0.5122895317306259]
epsilon_values: [5e-05, 1e-05, 5e-06, 1e-06]
accuracy: [0.7450585619369943, 0.6490691027330003, 0.5894113532471057, 0.5494187410195447]
accuracy_dev: [0.32203646474690223, 0.25702077241699883, 0.23813909426426322, 0.2275157772465868]
cluster_ratio: [1.7866172814660664, 2.598100158615859, 2.7531598205910193, 1.6331144312950132]
cluster_ratio_dev: [2.825921461205835, 6.257710381112974, 4.061196779425429, 0.8114164442890528]
single_node_cluster: [51, 7, 1, 0]
cluster_len_mean: [4.3, 17.728, 44.796, 419.936]
cluster_len_dev: [6.738694235532578, 27.83619974062551, 91.06508872229796, 550.3903741018732]
range: 10 - 100
std_devs: [0.36874201675443247, 0.18745996140005025, 0.15016136785913986, 0.12426464940758561]
metric_values: [0.4716452453570048, 0.585823413705291, 0.5517203177027513, 0.5138841063292549]
epsilon_values: [5e-05, 1e-05, 5e-06, 1e-06]
accuracy: [0.7678849215883681, 0.7132547046484996, 0.6899545173452453, 0.6160551072714369]
accuracy_dev: [0.2810665015937582, 0.140653648276754, 0.10865468339472127, 0.1235669446338303]
cluster_ratio: [2.3864900912390308, 1.6842298647253315, 1.2626513629006162, 1.888847557182958]
cluster_ratio_dev: [3.1486322302112657, 2.6185123300586692, 0.27779654158220723, 1.1036118440877372]
single_node_cluster: [94, 6, 0, 0]
cluster_len_mean: [4.304, 17.488, 29.6, 122.324]
cluster_len_dev: [4.883808350048147, 11.333219136679569, 16.3860916633589, 62.52790596205825]
range: 100 - 1000
std_devs: [0.4372864706351918, 0.2554189802448972, 0.15019255481048263, 0.074612897236364]
metric_values: [0.5425996268159402, 0.5900114801896289, 0.6189510978546237, 0.5327499414487902]
epsilon_values: [5e-05, 1e-05, 5e-06, 1e-06]
accuracy: [0.8587952380952381, 0.7374466001344044, 0.7402406852371053, 0.6981852221180235]
accuracy_dev: [0.2390526191229477, 0.22791473285740477, 0.1424153697179895, 0.04656960270415554]
cluster_ratio: [1.8291238095238096, 4.1988030878153735, 5.088566679589335, 1.3903182857093561]
cluster_ratio_dev: [1.7781924839449188, 6.7283802057915, 11.565344463350208, 0.21916556523707406]
single_node_cluster: [128, 46, 27, 0]
cluster_len_mean: [2.168, 10.476, 23.212, 128.06]
cluster_len_dev: [1.8856765364186936, 8.304301535951112, 14.421895021112864, 34.79023426193046]
range: 1000 - inf
std_devs: [0.4200111681583769, 0.3293497623185265, 0.23039028293788624, 0.07593339216921445]
metric_values: [0.6882113821138212, 0.6052695892041208, 0.6335002159329631, 0.6362385099503305]
epsilon_values: [5e-05, 1e-05, 5e-06, 1e-06]
accuracy: [0.9416444444444444, 0.7440250986028076, 0.7162824611114583, 0.6976615881650149]
accuracy_dev: [0.15489536708184048, 0.25865540871597453, 0.2186294502488234, 0.05170638432454406]
cluster_ratio: [1.5585777777777778, 3.215326763759117, 4.4688816448799775, 1.7116047992096692]
cluster_ratio_dev: [1.034994323673896, 4.285862981524911, 8.808612458938358, 0.21091432122678036]
single_node_cluster: [168, 45, 32, 0]
cluster_len_mean: [1.548, 5.996, 14.096, 113.9]
cluster_len_dev: [1.0467549856580574, 4.446569913989883, 9.175553607276237, 38.83475247764559]

unweighted

graph: 20 - 100 

range: 0 - 10
std_devs: [0.453122092028446, 0.45321867992217907, 0.3837581296301383, 0.3033553691517062]
metric_values: [0.5876909684339329, 0.5905029645669766, 0.5742247134452944, 0.5056652231859048]
epsilon_values: [0.0001, 8e-05, 5e-05, 2e-05]
accuracy: [0.7223588530521294, 0.6924580481995697, 0.6373659785734892, 0.5233653518094862]
accuracy_dev: [0.39735496953624033, 0.39680189774442, 0.3548888255351857, 0.302027574012031]
cluster_ratio: [3.2720548094624493, 216.09668334667407, 274.33524825492225, 10.536807692114895]
cluster_ratio_dev: [12.28759037583707, 512.0034815451215, 574.4677479878212, 36.30298034060744]
single_node_cluster: [75, 35, 13, 3]
cluster_len_mean: [4.896, 6.492, 877.088, 3647.532]
cluster_len_dev: [8.027775781622205, 10.020875011694336, 1441.8467603237175, 2668.25091192264]
range: 10 - 100
std_devs: [0.3592553258715162, 0.29377481599018124, 0.2607473258917041, 0.19214364958112304]
metric_values: [0.5470127144847816, 0.6328517353313505, 0.6437501564846482, 0.6343512002286693]
epsilon_values: [0.0001, 8e-05, 5e-05, 2e-05]
accuracy: [0.7052761314070256, 0.7540910347809264, 0.7416938758209701, 0.6911566988145735]
accuracy_dev: [0.30495230024996317, 0.24556967287784243, 0.21348997893756613, 0.14784211737207492]
cluster_ratio: [3.0976984322501813, 2.4217808429232037, 2.8906775394534105, 1.7913654284332483]
cluster_ratio_dev: [7.693220183417663, 4.226037736685704, 5.49245364531048, 1.4726278247890765]
single_node_cluster: [50, 46, 30, 0]
cluster_len_mean: [12.464, 14.972, 20.7, 46.26]
cluster_len_dev: [13.803793101897753, 16.102273628279953, 21.790318951314134, 43.51119855853204]
range: 100 - 1000
std_devs: [0.34799296994710455, 0.32243667108175356, 0.2968020329243005, 0.13184013140090137]
metric_values: [0.5053862480025806, 0.5287407019776896, 0.565157747333485, 0.6314190437447155]
epsilon_values: [0.0001, 8e-05, 5e-05, 2e-05]
accuracy: [0.7556769020765361, 0.7401959143595227, 0.7120355086716414, 0.7146153233172805]
accuracy_dev: [0.28972937346385913, 0.27374384614054564, 0.26841585513664856, 0.1064187389837708]
cluster_ratio: [3.04937719702422, 3.221046849421755, 3.623553899809108, 2.791981765085307]
cluster_ratio_dev: [5.420531820941828, 4.883912401582447, 5.775977087849444, 7.53228865755099]
single_node_cluster: [91, 74, 47, 6]
cluster_len_mean: [6.228, 8.052, 13.672, 36.056]
cluster_len_dev: [7.714403152545244, 10.063065934395938, 14.537551925960575, 26.442330910870925]
range: 1000 - inf
std_devs: [0.24643874047116826, 0.3114018119931578, 0.20389885755497528, 0.05439751045074092]
metric_values: [0.7061198652978147, 0.6011005385084083, 0.6545952684787725, 0.6918905251510457]
epsilon_values: [0.0001, 8e-05, 5e-05, 2e-05]
accuracy: [0.8347254338295772, 0.7304076667803885, 0.6943723879542139, 0.7071587480178366]
accuracy_dev: [0.18020311180952658, 0.2595613326828525, 0.19274574329242256, 0.051380953337754234]
cluster_ratio: [5.811882959643317, 33.59279876454662, 4.76597130281528, 2.119512405948287]
cluster_ratio_dev: [12.92328105277504, 273.9002976666908, 10.057985056443746, 0.5741392497924775]
single_node_cluster: [26, 16, 4, 0]
cluster_len_mean: [5.5, 8.159574468085106, 61.148936170212764, 209.19148936170214]
cluster_len_dev: [5.86506062800827, 9.254444810743259, 336.887630657995, 719.8479046889113]

graph: 100 - 1000

range: 0 - 10
std_devs: [0.44094187789955064, 0.4391348078093456, 0.31573481366209, 0.3082350287423789]
metric_values: [0.6402972373607633, 0.6403078870396556, 0.49854809522535143, 0.5297276330778052]
epsilon_values: [0.0001, 8e-05, 5e-05, 2e-05]
accuracy: [0.6995609930597186, 0.6918935470685083, 0.538611490729559, 0.5281397804964783]
accuracy_dev: [0.3980182431731945, 0.3978365977760369, 0.3168650946225023, 0.31609433512041096]
cluster_ratio: [193.57628536451026, 479.12464187425473, 13.625018047413297, 0.8776730380761344]
cluster_ratio_dev: [415.75423939494095, 550.4562083486193, 55.6973768495195, 1.2583907068301134]
single_node_cluster: [26, 16, 11, 11]
cluster_len_mean: [4.804, 6.646, 1802.834, 4739.6]
cluster_len_dev: [11.82681630871132, 27.175663450962883, 1281.383835719805, 1596.846154142596]
range: 10 - inf
std_devs: [0.19428436491745726, 0.18427924746296717, 0.15921710264105118, 0.09491937354242436]
metric_values: [0.629852022180216, 0.618649336074117, 0.6241524258818555, 0.9370731336405284]
epsilon_values: [0.0001, 8e-05, 5e-05, 2e-05]
accuracy: [0.7474527688238511, 0.7392796912590193, 0.7442164245131971, 0.9200932775163098]
accuracy_dev: [0.12761505341220558, 0.1222095141412181, 0.10307380493535642, 0.07585164421387801]
cluster_ratio: [6.233699596772717, 6.986118579961053, 4.387807876846488, 2.6817728350640273]
cluster_ratio_dev: [101.44614244474711, 113.73607810825546, 4.709469542964201, 2.6833595023306196]
single_node_cluster: [2, 1, 0, 0]
cluster_len_mean: [26.576, 33.174, 58.614, 583.504]
cluster_len_dev: [24.831516747875067, 31.927663929576806, 141.0331627809573, 407.2946721772825]

graph: 2 - 100

range: 0 - 10
std_devs: [0.417098675974469, 0.30820204297320475, 0.2729105300872833, 0.23947019423075766]
metric_values: [0.5473841898841899, 0.5044993021046252, 0.4905097566611335, 0.49271187215879086]
epsilon_values: [5e-05, 1e-05, 5e-06, 1e-06]
accuracy: [0.7564945638693104, 0.6322214169480185, 0.5791001016963404, 0.5306388438998138]
accuracy_dev: [0.3230944771468893, 0.30810998788047195, 0.2836014652891745, 0.2564968319435062]
cluster_ratio: [1.763459050298113, 4.088391431373925, 5.823240915187305, 5.110284255017745]
cluster_ratio_dev: [2.2760845352686885, 8.735726933087332, 14.588388509416733, 23.349571409261358]
single_node_cluster: [70, 35, 24, 7]
cluster_len_mean: [4.048, 18.568, 52.644, 524.264]
cluster_len_dev: [6.462638470470092, 41.11376139445283, 130.2803640768631, 701.7494327065751]
range: 10 - 100
std_devs: [0.38149599682875257, 0.21522475672186878, 0.1478374566056491, 0.1284746547430936]
metric_values: [0.47084556671119665, 0.5525922816656699, 0.5578693131994343, 0.5171214748578122]
epsilon_values: [5e-05, 1e-05, 5e-06, 1e-06]
accuracy: [0.7753177044887875, 0.7070363406741564, 0.6946076805468904, 0.6064217683021331]
accuracy_dev: [0.29030836218102096, 0.20269774354852885, 0.12356970023803958, 0.1406731657699537]
cluster_ratio: [2.2933459660449125, 3.373323194714778, 2.3026465154371882, 1.9651164463258661]
cluster_ratio_dev: [3.294744228569665, 6.8680339793199865, 6.373129638975164, 1.1237453775350748]
single_node_cluster: [104, 27, 6, 0]
cluster_len_mean: [4.192, 15.972, 29.06, 147.172]
cluster_len_dev: [4.866532235586239, 11.846485385969968, 16.74802674944126, 94.58768638675967]
range: 100 - 1000
std_devs: [0.43268016681171406, 0.32252331134908985, 0.20496075740483904, 0.0770253779757838]
metric_values: [0.4137501046450872, 0.49073522425780297, 0.5894908158852451, 0.5371419221008025]
epsilon_values: [5e-05, 1e-05, 5e-06, 1e-06]
accuracy: [0.8578730158730159, 0.7009019718823372, 0.7419809735191815, 0.6993328364019605]
accuracy_dev: [0.2512921721825469, 0.3112928542682326, 0.21600797343080005, 0.04583239675584059]
cluster_ratio: [1.879011111111111, 5.489706854656785, 7.658835692176874, 1.3616191097777703]
cluster_ratio_dev: [1.959428892487237, 8.707523493157856, 13.941566859203434, 0.22256158957096692]
single_node_cluster: [155, 73, 54, 0]
cluster_len_mean: [2.104, 9.988, 22.024, 128.824]
cluster_len_dev: [3.0862896818024064, 11.813037543324748, 19.362009813033357, 37.9693695496778]
range: 1000 - inf
std_devs: [0.4675278572794324, 0.35343990243786305, 0.30955481906258636, 0.06901173235444794]
metric_values: [0.5739898989898989, 0.5803301394349637, 0.5643668353735248, 0.6405346452493044]
epsilon_values: [5e-05, 1e-05, 5e-06, 1e-06]
accuracy: [0.9353809523809524, 0.7658837313838552, 0.7154010736411553, 0.729599718901667]
accuracy_dev: [0.17298477818202265, 0.280202180586386, 0.29506906828918267, 0.09068963459451208]
cluster_ratio: [1.4189714285714286, 3.6727433045523448, 7.419206546028292, 14.758742295396944]
cluster_ratio_dev: [0.9726594894137517, 5.322943341067798, 12.554807424663194, 45.278767785256264]
single_node_cluster: [184, 77, 69, 20]
cluster_len_mean: [1.444, 5.468, 12.308, 105.3]
cluster_len_dev: [0.9832924285277499, 4.81092257264654, 10.363258946875737, 48.91840144567278]

graph 2 - 1000

range: 0 - 10
std_devs: [0.43166826689059945, 0.30482103566677093, 0.2662000886177131, 0.24839259630604454]
metric_values: [0.4810053612716501, 0.4989886451061377, 0.49276289510183047, 0.4958757734483616]
epsilon_values: [5e-05, 1e-05, 5e-06, 1e-06]
accuracy: [0.7180959927196301, 0.6093853689323725, 0.5770980849219491, 0.5254813306802865]
accuracy_dev: [0.35490778715364446, 0.3059497940791092, 0.28224040383876653, 0.25732983840633145]
cluster_ratio: [1.8582891145981328, 3.2056684261667505, 6.654483555388561, 3.497234205601736]
cluster_ratio_dev: [4.038251912964733, 7.959944496808977, 34.21132924390025, 17.535055654708756]
single_node_cluster: [86, 23, 26, 4]
cluster_len_mean: [4.136, 17.092, 41.932, 418.164]
cluster_len_dev: [6.911259219563393, 28.07111568855075, 87.08905428353209, 552.5655084277339]
range: 10 - 100
std_devs: [0.38652110076137164, 0.20773540722121478, 0.14200992529178574, 0.11824376517732257]
metric_values: [0.49551060041824635, 0.5684071325085734, 0.5680685326076889, 0.5284616552067201]
epsilon_values: [5e-05, 1e-05, 5e-06, 1e-06]
accuracy: [0.7775835526760161, 0.7200343304237298, 0.7041476900647526, 0.6313700800173279]
accuracy_dev: [0.2908674706135979, 0.1948498228181212, 0.10813903267806711, 0.11433440557880371]
cluster_ratio: [2.3338114571879554, 3.096147612141777, 2.024273215968198, 1.993124739722379]
cluster_ratio_dev: [3.282756411909738, 6.146117254193417, 5.457222056881446, 1.1639413917779609]
single_node_cluster: [100, 26, 5, 0]
cluster_len_mean: [4.38, 16.4, 29.068, 121.988]
cluster_len_dev: [5.095448949798241, 11.860185496019866, 16.697046924531296, 62.69905785576048]
range: 100 - 1000
std_devs: [0.4652391128883128, 0.3356625444153005, 0.20777149498576547, 0.07085771977050805]
metric_values: [0.533390022675737, 0.5168059199913597, 0.6014379370675127, 0.5396768233027226]
epsilon_values: [5e-05, 1e-05, 5e-06, 1e-06]
accuracy: [0.8775142857142857, 0.7164211324414081, 0.7396960238032714, 0.7002605895727063]
accuracy_dev: [0.2509091427553078, 0.30979953072270056, 0.21325165451629705, 0.04600451656083396]
cluster_ratio: [2.0196380952380952, 4.908976198596421, 7.484485681328544, 1.3925898575231794]
cluster_ratio_dev: [2.290305551207121, 7.416768397335986, 13.667695441132643, 0.2221470000970805]
single_node_cluster: [152, 74, 47, 0]
cluster_len_mean: [1.952, 9.376, 21.444, 128.028]
cluster_len_dev: [1.698733645984561, 8.69221628815114, 15.432914954732304, 34.77129873904626]
range: 1000 - inf
std_devs: [0.46965798682848187, 0.3729289932781374, 0.2907969984399987, 0.07477964120427887]
metric_values: [0.5625541125541126, 0.5352823961203462, 0.5724987030587784, 0.6330273693701071]
epsilon_values: [5e-05, 1e-05, 5e-06, 1e-06]
accuracy: [0.9236444444444445, 0.7475478072838754, 0.7115986556709923, 0.7208719132902265]
accuracy_dev: [0.18467811523624306, 0.2993890818461391, 0.28242220242613697, 0.09109281478417723]
cluster_ratio: [1.3727111111111112, 3.6746056018456947, 6.9332709975188385, 14.156736306556208]
cluster_ratio_dev: [0.8797346326862677, 5.512277492119545, 12.559202699072817, 46.16544552211163]
single_node_cluster: [173, 79, 63, 18]
cluster_len_mean: [1.5, 5.288, 11.824, 106.68]
cluster_len_dev: [1.0089598604503551, 4.58574486861186, 9.29607573118894, 48.091928636726564]
