weighted 

graph 20 - 100

range: 0 - 25
std_devs: [0.46224743888160347, 0.4645269342497504, 0.41895272373394354, 0.33598422034379327]
metric_values: [0.6554769230722567, 0.6536120122616659, 0.5699229092601048, 0.4715969601982361]
epsilon_values: [4e-05, 3e-05, 2.5e-05, 2e-05]
accuracy: [0.6553263620437533, 0.6584977158064188, 0.5733431912717953, 0.4779604061536893]
accuracy_dev: [0.46376908561969427, 0.462302254603222, 0.41837865177367944, 0.3372182724005008]
cluster_ratio: [84.96325303523321, 801.3674570885436, 559.4534648457742, 48.998949245153455]
cluster_ratio_dev: [322.28548266963986, 733.6667152844983, 797.5036991996706, 307.8589504171369]
single_node_cluster: [3, 1, 2, 1]
cluster_len_mean: [3.864, 4.4, 1295.732, 3091.852]
cluster_len_dev: [8.264956382220054, 10.207056382718772, 1605.9286846482319, 1341.7234879422808]
range: 25 - 100
std_devs: [0.4269731575858974, 0.4254317951929005, 0.42503524500363943, 0.41714888772242115]
metric_values: [0.5788288807995544, 0.580507931301039, 0.5565702959203713, 0.546065605724242]
epsilon_values: [9e-05, 8e-05, 7e-05, 6e-05]
accuracy: [0.6393643573031059, 0.6288401345796344, 0.6079455779233782, 0.5758111443936761]
accuracy_dev: [0.43509591485727284, 0.42755990144556844, 0.42603561388085476, 0.4222238765741882]
cluster_ratio: [129.52855690387264, 152.38220753117767, 170.24892682618582, 206.9044001558577]
cluster_ratio_dev: [414.4971656093836, 437.9926787792969, 468.92931825329214, 499.373357500004]
single_node_cluster: [114, 85, 69, 34]
cluster_len_mean: [44.364, 165.216, 283.9, 704.384]
cluster_len_dev: [357.22413062949715, 710.770996414457, 942.8354055719374, 1442.2153669074532]
range: 100 - 1000
std_devs: [0.3247088105111331, 0.3086889177559459, 0.28897636891390416, 0.27632539496766245]
metric_values: [0.6337586946205284, 0.5999651035713931, 0.5982137626273532, 0.5214533841277423]
epsilon_values: [0.001, 0.0005, 0.0003, 0.0001]
accuracy: [0.7775268214632035, 0.7373787275565031, 0.7191258859857356, 0.5840957429588762]
accuracy_dev: [0.24991448381675294, 0.25363547455654895, 0.24710150259775962, 0.26185616685370927]
cluster_ratio: [1.0266886060117548, 1.0370316270138007, 1.1025902493567432, 36.89004221437904]
cluster_ratio_dev: [0.6914605537984552, 0.5269098513379724, 0.5050472144362883, 178.45658356325364]
single_node_cluster: [61, 50, 41, 1]
cluster_len_mean: [11.132, 17.32, 24.876, 1114.244]
cluster_len_dev: [16.905696554711966, 27.585967447236648, 38.14232064256185, 1643.6303576120758]
range: 1000 - inf
std_devs: [0.2830901483751579, 0.27667494645259716, 0.22739661081035026, 0.22383969967910525]
metric_values: [0.68482063100961, 0.6644262062028338, 0.6677284328680346, 0.6624601120419313]
epsilon_values: [0.03, 0.02, 0.01, 0.009]
accuracy: [0.829070119706336, 0.7991512717109305, 0.7667322688555512, 0.7615291612087103]
accuracy_dev: [0.18965964264942706, 0.1834100192877791, 0.16405041019598648, 0.15620382706026564]
cluster_ratio: [1.1313351911586658, 1.1022289479271568, 1.0421319267697748, 1.009455261378598]
cluster_ratio_dev: [0.5163191479218497, 0.41942675472410645, 0.3317148094348843, 0.3037264899101895]
single_node_cluster: [61, 37, 13, 10]
cluster_len_mean: [9.596, 15.784, 32.748, 35.812]
cluster_len_dev: [22.225048571375495, 42.7735589353984, 88.35177698269571, 94.34231635909732]

graph 100 - 1000

range: 0 - 200
std_devs: [0.46652150587602237, 0.4558935963631429, 0.43715822363970197, 0.4188540721656672]
metric_values: [0.6818082071538293, 0.7061224489795919, 0.735142453230027, 0.6968618827824987]
epsilon_values: [7e-05, 6e-05, 5e-05, 4e-05]
accuracy: [0.7472941176470588, 0.7472820512820513, 0.7423173241852488, 0.6967963980246914]
accuracy_dev: [0.43476474792977365, 0.43476266547087816, 0.4335622703539044, 0.4195115055088767]
cluster_ratio: [29.028823529411767, 156.6908205128205, 328.8257568280776, 530.5697073035368]
cluster_ratio_dev: [176.46327200461167, 399.52448338952354, 544.455663685665, 611.6616860080858]
single_node_cluster: [152, 103, 18, 3]
cluster_len_mean: [1.52, 1.736, 79.208, 739.444]
cluster_len_dev: [2.1150886506243656, 2.4121160834420885, 454.32642531114124, 1231.2430397220526]

range: 200 - inf
std_devs: [0.31495490953056865, 0.2956019917126029, 0.3046778388509838, 0.3398712006688629]
metric_values: [0.6863242121197506, 0.7158340174576651, 0.7085017870197765, 0.678955439665482]
epsilon_values: [0.001, 0.0007, 0.0005, 0.0003]
accuracy: [0.801439175933214, 0.8025070459948097, 0.7958047891505204, 0.7621169521997281]
accuracy_dev: [0.31729838850566777, 0.31429213897810854, 0.31720806617304664, 0.33996999438185127]
cluster_ratio: [1.0598592661340671, 1.1561244764564724, 2.701734065765732, 14.16161244439935]
cluster_ratio_dev: [0.3885595741806153, 0.706939946815341, 21.07702937582852, 78.59396685919788]
single_node_cluster: [132, 126, 125, 108]
cluster_len_mean: [48.8, 58.696, 80.636, 307.56]
cluster_len_dev: [434.3519770877071, 451.4456020208858, 470.9555727497022, 975.5086213868128]

graph 2 - 100

range: 0 - 25
std_devs: [0.33713544560898884, 0.3351350845996224, 0.31492912245845883, 0.315999013262748]
metric_values: [0.5539855343587443, 0.5492286278395476, 0.5619969396554386, 0.5595174788626196]
epsilon_values: [4e-05, 3e-05, 2.5e-05, 2e-05]
accuracy: [0.6930218975717036, 0.6579855153169828, 0.657029416639567, 0.6396837245156096]
accuracy_dev: [0.29781832813781417, 0.3096635766497143, 0.29077615091985226, 0.2950577321324731]
cluster_ratio: [1.5181578460225083, 1.1871973123552089, 1.2331301076772239, 1.1082128662604527]
cluster_ratio_dev: [3.178943858933583, 1.6833020162226042, 2.1780990007544103, 1.2691636710778051]
single_node_cluster: [39, 27, 23, 16]
cluster_len_mean: [10.732, 13.484, 15.216, 17.796]
cluster_len_dev: [18.334998663757794, 22.206344678942546, 24.700796424407045, 28.49312871553421]


range: 25 - 1000
std_devs: [0.36118555925786944, 0.28264641002585994, 0.25839810867324503, 0.22662450447953922]
metric_values: [0.5156213022600555, 0.5558247010202981, 0.5901125713336929, 0.5806065582619381]
epsilon_values: [0.003, 0.001, 0.0008, 0.0005]
accuracy: [0.7818498639765218, 0.7355276858171578, 0.7394733799535865, 0.7189924111536761]
accuracy_dev: [0.2890074173190163, 0.23754075625883986, 0.20623203156305908, 0.17524253297116998]
cluster_ratio: [1.8861387028956136, 1.9956303191318152, 1.5925240243263838, 1.5419505505842899]
cluster_ratio_dev: [3.2221794961855657, 4.176186502559124, 3.7271063295870834, 3.376090115549743]
single_node_cluster: [103, 50, 33, 15]
cluster_len_mean: [5.456, 14.568, 18.312, 27.076]
cluster_len_dev: [6.856826087921437, 15.208332452968012, 17.518409060185803, 24.511512070861727]


range: 1000 - inf
std_devs: [0.3880094808550071, 0.38968397477279465, 0.30828709159547224, 0.26569467511874617]
metric_values: [0.6320325708483604, 0.5710836118891973, 0.5849913942577037, 0.6169091301977122]
epsilon_values: [0.05, 0.03, 0.01, 0.008]
accuracy: [0.8872176632890918, 0.8258353518544737, 0.7080973853094543, 0.721850420783504]
accuracy_dev: [0.20650826236561515, 0.24018259248429735, 0.2599321940496466, 0.24270525660726505]
cluster_ratio: [1.2617295085866516, 1.627601122238716, 1.9349037677832848, 2.6271326235075088]
cluster_ratio_dev: [0.7425623849924615, 1.884664298315027, 4.122531988749934, 7.077594281617317]
single_node_cluster: [139, 103, 39, 43]
cluster_len_mean: [2.604, 4.212, 16.468, 21.512]
cluster_len_dev: [3.907836229935947, 6.8794662583662705, 28.263067349458016, 37.43412688977799]

graph 2 - 1000
range: 0 - 25
std_devs: [0.34837022417713653, 0.33249401388379873, 0.3352117224102123, 0.3230766704086701]
metric_values: [0.5475477125060197, 0.5405057407146594, 0.5278839661227626, 0.5164976379185352]
epsilon_values: [4e-05, 3e-05, 2.5e-05, 2e-05]
accuracy: [0.688139377203851, 0.6708438588963382, 0.6545939051581711, 0.6333749793204629]
accuracy_dev: [0.314204977070822, 0.29749877195520724, 0.30244003770287003, 0.29817894400371997]
cluster_ratio: [1.4247080594955268, 1.5710101229469833, 1.273925227935199, 1.3837042231729975]
cluster_ratio_dev: [5.451270908562724, 8.828241335233734, 2.504067971152439, 4.193094006388038]
single_node_cluster: [38, 24, 28, 22]
cluster_len_mean: [10.54, 12.632, 14.672, 16.844]
cluster_len_dev: [17.616367389447802, 20.498209092503664, 24.391400451798585, 27.88712362363677]

range: 25 - 1000
std_devs: [0.3707511831808795, 0.292075967685024, 0.25823505909753086, 0.20808009595876786]
metric_values: [0.481703566148492, 0.5602270247986513, 0.5679459057064211, 0.5843527444188876]
epsilon_values: [0.003, 0.001, 0.0008, 0.0005]
accuracy: [0.7724624575553793, 0.7201387600407146, 0.7239764915629173, 0.7219998332107948]
accuracy_dev: [0.28206071043482317, 0.23077246275487853, 0.215003728132709, 0.17680458490428294]
cluster_ratio: [1.8794614731333867, 1.517444405472681, 1.521870566421382, 1.446655098261207]
cluster_ratio_dev: [3.1904222482420903, 2.554299464995154, 3.630737786497539, 2.443544342254059]
single_node_cluster: [99, 35, 33, 23]
cluster_len_mean: [5.704, 15.308, 18.276, 26.888]
cluster_len_dev: [7.380540901587092, 16.045844820388858, 18.311521618915233, 25.64814722353254]
range: 1000 - inf
std_devs: [0.3984803317130952, 0.38549952313925756, 0.27070084434998026, 0.2781341283828007]
metric_values: [0.6008847912716455, 0.593834703738923, 0.6100797459499763, 0.6005898686574503]
epsilon_values: [0.05, 0.03, 0.01, 0.008]
accuracy: [0.8918659831396674, 0.8312974677602796, 0.7344470120546669, 0.7343266844249043]
accuracy_dev: [0.19987800388875748, 0.23638538842733078, 0.23801086994445145, 0.2529733097149286]
cluster_ratio: [1.2372664255335308, 1.5198925777587657, 2.2422935334850957, 3.479544608037361]
cluster_ratio_dev: [0.6241916013849818, 1.442403421360895, 4.11963136534776, 7.487622980594874]
single_node_cluster: [145, 99, 47, 54]
cluster_len_mean: [2.6, 4.556, 16.984, 21.432]
cluster_len_dev: [3.890501253052105, 7.8505327207776165, 31.062642257219522, 40.9844528571506]
